faltantes hojas nodos
0.0 6 11
0.05 6 11
0.1 6 11
0.150 6 11
0.2 6 11
0.25 6 11
0.3 6 11
0.35 6 11
0.399 6 11
0.449 6 11
0.499 6 11
0.549 6 11
0.6 6 11
0.65 6 11
0.700 6 11
0.750 6 11
0.800 6 11
0.850 6 11
0.900 6 11
0.950 6 11
1.000 6 11
1.050 6 11
1.100 6 11
1.150 6 11
1.200 6 11
1.250 6 11
1.300 6 11
1.350 6 11
1.400 6 11
1.450 6 11
1.500 6 11
1.550 6 11
1.600 6 11
1.650 6 11
1.700 6 11
1.750 6 11
1.800 6 11
1.850 6 11
1.900 6 11
1.950 6 11
2.000 6 11
2.050 6 11
2.100 6 11
2.150 6 11
2.2 6 11
2.25 6 11
2.3 6 11
2.349 6 11
2.399 6 11
2.449 6 11
2.499 6 11
2.549 6 11
2.599 6 11
2.649 6 11
2.699 6 11
2.749 6 11
2.799 6 11
2.849 6 11
2.899 6 11
2.949 6 11
2.999 6 11
3.049 6 11
3.099 6 11
3.149 6 11
3.199 6 11
3.249 6 11
3.299 6 11
3.349 6 11
3.399 6 11
3.449 6 11
3.499 6 11
3.549 6 11
3.599 6 11
3.649 6 11
3.699 6 11
3.749 6 11
3.799 6 11
3.849 6 11
3.899 6 11
3.949 6 11
3.999 6 11
4.049 6 11
4.099 6 11
4.149 6 11
4.199 6 11
4.249 6 11
4.299 6 11
4.349 6 11
4.399 6 11
4.449 6 11
4.499 6 11
4.549 6 11
4.599 6 11
4.649 6 11
4.699 6 11
4.749 6 11
4.799 6 11
4.849 6 11
4.899 6 11
4.949 6 11
4.999 6 11
5.049 6 11
5.099 6 11
5.149 6 11
5.199 6 11
5.249 6 11
5.299 6 11
5.349 6 11
5.399 6 11
5.449 6 11
5.499 6 11
5.549 6 11
5.599 6 11
5.649 6 11
5.699 6 11
5.749 6 11
5.799 6 11
5.849 6 11
5.899 6 11
5.949 6 11
5.999 6 11
6.049 6 11
6.099 6 11
6.149 6 11
6.199 6 11
6.249 6 11
6.299 6 11
6.349 6 11
6.399 6 11
6.449 6 11
6.499 6 11
6.549 6 11
6.599 6 11
6.649 6 11
6.699 6 11
6.749 6 11
6.799 6 11
6.849 6 11
6.899 6 11
6.949 6 11
6.999 6 11
7.049 6 11
7.099 6 11
7.149 6 11
7.199 6 11
7.249 6 11
7.299 6 11
7.349 6 11
7.399 6 11
7.449 6 11
7.499 6 11
7.549 6 11
7.599 6 11
7.649 6 11
7.699 6 11
7.749 6 11
7.799 6 11
7.849 6 11
7.899 6 11
7.949 6 11
7.999 6 11
8.049 6 11
8.099 6 11
8.149 6 11
8.199 6 11
8.249 6 11
8.299 6 11
8.349 6 11
8.399 6 11
8.449 6 11
8.499 6 11
8.549 6 11
8.599 6 11
8.649 6 11
8.699 6 11
8.749 6 11
8.799 6 11
8.849 6 11
8.899 6 11
8.949 6 11
8.999 6 11
9.049 7 13
9.099 7 13
9.149 7 13
9.199 7 13
9.249 7 13
9.299 7 13
9.349 7 13
9.399 7 13
9.45 7 13
9.5 7 13
9.55 7 13
9.600 7 13
9.650 7 13
9.700 7 13
9.750 7 13
9.800 7 13
9.850 7 13
9.900 7 13
9.950 7 13
10.00 7 13
10.05 7 13
10.10 7 13
10.15 7 13
10.20 7 13
10.25 7 13
10.30 7 13
10.35 7 13
10.40 7 13
10.45 7 13
10.50 7 13
10.55 7 13
10.60 7 13
10.65 7 13
10.70 7 13
10.75 7 13
10.80 7 13
10.85 7 13
10.90 7 13
10.95 7 13
11.00 7 13
11.05 7 13
11.10 7 13
11.15 7 13
11.20 7 13
11.25 7 13
11.30 7 13
11.35 7 13
11.40 7 13
11.45 7 13
11.50 7 13
11.55 7 13
11.60 7 13
11.65 7 13
11.70 7 13
11.75 7 13
11.80 7 13
11.85 7 13
11.90 7 13
11.95 7 13
12.00 7 13
12.05 7 13
12.10 7 13
12.15 7 13
12.20 7 13
12.25 7 13
12.30 7 13
12.35 7 13
12.40 7 13
12.45 7 13
12.50 7 13
12.55 7 13
12.60 7 13
12.65 7 13
12.70 7 13
12.75 7 13
12.80 7 13
12.85 7 13
12.90 7 13
12.95 7 13
13.00 7 13
13.05 7 13
13.10 7 13
13.15 7 13
13.20 7 13
13.25 7 13
13.30 7 13
13.35 7 13
13.40 7 13
13.45 7 13
13.50 7 13
13.55 7 13
13.60 7 13
13.65 7 13
13.70 7 13
13.75 7 13
13.80 7 13
13.85 7 13
13.90 7 13
13.95 7 13
14.00 7 13
14.05 7 13
14.10 7 13
14.15 7 13
14.20 7 13
14.25 7 13
14.30 7 13
14.35 7 13
14.40 7 13
14.45 7 13
14.50 7 13
14.55 7 13
14.60 7 13
14.65 7 13
14.70 7 13
14.75 7 13
14.80 7 13
14.85 7 13
14.90 7 13
14.95 7 13
15.00 7 13
15.05 7 13
15.10 7 13
15.15 7 13
15.20 7 13
15.25 7 13
15.30 7 13
15.35 7 13
15.40 7 13
15.45 7 13
15.50 7 13
15.55 7 13
15.60 7 13
15.65 7 13
15.70 7 13
15.75 7 13
15.80 7 13
15.85 7 13
15.90 7 13
15.95 7 13
16.00 6 11
16.05 6 11
16.10 6 11
16.15 6 11
16.20 6 11
16.25 6 11
16.30 6 11
16.35 6 11
16.40 6 11
16.45 6 11
16.50 6 11
16.55 6 11
16.60 6 11
16.65 6 11
16.70 6 11
16.75 6 11
16.80 6 11
16.85 6 11
16.90 6 11
16.95 6 11
17.00 6 11
17.05 6 11
17.10 6 11
17.15 6 11
17.20 6 11
17.25 6 11
17.30 6 11
17.35 6 11
17.40 6 11
17.45 6 11
17.50 6 11
17.55 6 11
17.60 6 11
17.65 6 11
17.70 6 11
17.75 6 11
17.80 6 11
17.85 6 11
17.90 6 11
17.95 6 11
18.00 7 13
18.05 7 13
18.10 7 13
18.15 7 13
18.20 7 13
18.25 7 13
18.30 7 13
18.35 7 13
18.40 7 13
18.45 7 13
18.50 7 13
18.55 7 13
18.60 7 13
18.65 7 13
18.70 7 13
18.75 7 13
18.80 7 13
18.85 7 13
18.90 7 13
18.95 7 13
19.00 7 13
19.05 7 13
19.10 7 13
19.15 7 13
19.20 7 13
19.25 7 13
19.30 7 13
19.35 7 13
19.40 7 13
19.45 7 13
19.50 7 13
19.55 7 13
19.60 7 13
19.65 7 13
19.70 7 13
19.75 7 13
19.80 7 13
19.85 7 13
19.90 7 13
19.95 7 13
20.00 8 15
20.05 8 15
20.10 8 15
20.15 8 15
20.20 8 15
20.25 8 15
20.30 8 15
20.35 8 15
20.40 8 15
20.45 8 15
20.50 8 15
20.55 8 15
20.60 8 15
20.65 8 15
20.70 8 15
20.75 8 15
20.80 8 15
20.85 8 15
20.90 8 15
20.95 8 15
21.00 8 15
21.05 8 15
21.10 8 15
21.15 8 15
21.20 8 15
21.25 8 15
21.30 8 15
21.35 8 15
21.40 8 15
21.45 8 15
21.50 8 15
21.55 8 15
21.60 8 15
21.65 8 15
21.70 8 15
21.75 8 15
21.80 8 15
21.85 8 15
21.90 8 15
21.95 8 15
22.00 10 19
22.05 10 19
22.10 10 19
22.15 10 19
22.20 10 19
22.25 10 19
22.30 10 19
22.35 10 19
22.40 10 19
22.45 10 19
22.50 10 19
22.55 10 19
22.60 10 19
22.65 10 19
22.70 10 19
22.75 10 19
22.80 10 19
22.85 10 19
22.90 10 19
22.95 10 19
23.00 14 27
23.05 14 27
23.10 14 27
23.15 14 27
23.20 14 27
23.25 14 27
23.30 14 27
23.35 14 27
23.40 14 27
23.45 14 27
23.50 14 27
23.55 14 27
23.60 14 27
23.65 14 27
23.70 14 27
23.75 14 27
23.80 14 27
23.85 14 27
23.90 14 27
23.95 14 27
24.00 10 19
24.05 10 19
24.10 10 19
24.15 10 19
24.20 10 19
24.25 10 19
24.30 10 19
24.35 10 19
24.40 10 19
24.45 10 19
24.50 10 19
24.55 10 19
24.60 10 19
24.65 10 19
24.70 10 19
24.75 10 19
24.80 10 19
24.85 10 19
24.90 10 19
24.95 10 19
25.00 10 19
25.05 10 19
25.10 10 19
25.15 10 19
25.20 10 19
25.25 10 19
25.30 10 19
25.35 10 19
25.40 10 19
25.45 10 19
25.50 10 19
25.55 10 19
25.60 10 19
25.65 10 19
25.70 10 19
25.75 10 19
25.80 10 19
25.85 10 19
25.90 10 19
25.95 10 19
26.00 10 19
26.05 10 19
26.10 10 19
26.15 10 19
26.20 10 19
26.25 10 19
26.30 10 19
26.35 10 19
26.40 10 19
26.45 10 19
26.50 10 19
26.55 10 19
26.60 10 19
26.65 10 19
26.70 10 19
26.75 10 19
26.80 10 19
26.85 10 19
26.90 10 19
26.95 10 19
27.00 10 19
27.05 10 19
27.10 10 19
27.15 10 19
27.20 10 19
27.25 10 19
27.30 10 19
27.35 10 19
27.40 10 19
27.45 10 19
27.50 10 19
27.55 10 19
27.60 10 19
27.65 10 19
27.70 10 19
27.75 10 19
27.80 10 19
27.85 10 19
27.90 10 19
27.95 10 19
28.00 10 19
28.05 10 19
28.10 10 19
28.15 10 19
28.20 10 19
28.25 10 19
28.30 10 19
28.35 10 19
28.40 10 19
28.45 10 19
28.50 10 19
28.55 10 19
28.60 10 19
28.65 10 19
28.70 10 19
28.75 10 19
28.80 10 19
28.85 10 19
28.90 10 19
28.95 10 19
29.00 15 29
29.05 15 29
29.10 15 29
29.15 15 29
29.20 15 29
29.25 15 29
29.30 15 29
29.35 15 29
29.40 15 29
29.45 15 29
29.50 15 29
29.55 15 29
29.60 15 29
29.65 15 29
29.70 15 29
29.75 15 29
29.80 15 29
29.85 15 29
29.90 15 29
29.95 15 29
30.00 17 33
30.05 17 33
30.10 17 33
30.15 17 33
30.20 17 33
30.25 17 33
30.30 17 33
30.35 17 33
30.40 17 33
30.45 17 33
30.50 17 33
30.55 17 33
30.60 17 33
30.65 17 33
30.70 17 33
30.75 17 33
30.80 17 33
30.85 17 33
30.90 17 33
30.95 17 33
31.00 11 21
31.05 11 21
31.10 11 21
31.15 11 21
31.20 11 21
31.25 11 21
31.30 11 21
31.35 11 21
31.40 11 21
31.45 11 21
31.50 11 21
31.55 11 21
31.60 11 21
31.65 11 21
31.70 11 21
31.75 11 21
31.80 11 21
31.85 11 21
31.90 11 21
31.95 11 21
32.00 11 21
32.05 11 21
32.10 11 21
32.15 11 21
32.20 11 21
32.25 11 21
32.30 11 21
32.35 11 21
32.40 11 21
32.45 11 21
32.50 11 21
32.55 11 21
32.60 11 21
32.65 11 21
32.70 11 21
32.75 11 21
32.80 11 21
32.85 11 21
32.90 11 21
32.95 11 21
33.00 18 35
33.05 18 35
33.10 18 35
33.15 18 35
33.20 18 35
33.25 18 35
33.30 18 35
33.35 18 35
33.40 18 35
33.45 18 35
33.50 18 35
33.55 18 35
33.60 18 35
33.65 18 35
33.70 18 35
33.75 18 35
33.80 18 35
33.85 18 35
33.90 18 35
33.95 18 35
34.00 14 27
34.05 14 27
34.10 14 27
34.15 14 27
34.20 14 27
34.25 14 27
34.30 14 27
34.35 14 27
34.40 14 27
34.45 14 27
34.50 14 27
34.55 14 27
34.60 14 27
34.65 14 27
34.70 14 27
34.75 14 27
34.80 14 27
34.85 14 27
34.90 14 27
34.95 14 27
